01911700341
01911700341
8801911700343
8801911700343
8801911700345
8801911700346
8801911700347
8801911700348
8801911700349
8801911700350
8801911700351
8801911700352
8801911700353
8801911700354
8801911700355
8801911700356
8801911700357
8801911700358
8801911700359
8801911700360
8801911700361
8801911700362
8801911700363
8801911700364
8801911700365
8801911700366
8801911700367
8801911700368
8801911700369
8801911700370
8801911700371
8801911700372
8801911700373
8801911700374
8801911700375
8801911700376
8801911700377
8801911700378
8801911700379
8801911700380
8801911700381
8801911700382
8801911700383
8801911700384
8801911700385
8801911700386
8801911700387
8801911700388
8801911700389
8801911700390
8801911700391
8801911700392
8801911700393
8801911700394
8801911700395
8801911700396
8801911700397
8801911700398
8801911700399
8801911700400
8801911700401
8801911700402
8801911700403
8801911700404
8801911700405
8801911700406
8801911700407
8801911700408
8801911700409
8801911700410
8801911700411
8801911700412
8801911700413
8801911700414
8801911700415
8801911700416
8801911700417
8801911700418
8801911700419
8801911700420
8801911700421
8801911700422
8801911700423
8801911700424
8801911700425
8801911700426
8801911700427
8801911700428
8801911700429
8801911700430
8801911700431
8801911700432
8801911700433
8801911700434
8801911700435
8801911700436
8801911700437
8801911700438
8801911700439
8801911700440
8801911700441
8801911700442
8801911700443
8801911700444
8801911700445
8801911700446
8801911700447
8801911700448
8801911700449
8801911700450
8801911700451
8801911700452
8801911700453
8801911700454
8801911700455
8801911700456
8801911700457
8801911700458
8801911700459
8801911700460
8801911700461
8801911700462
8801911700463
8801911700464
8801911700465
8801911700466
8801911700467
8801911700468
8801911700469
8801911700470
8801911700471
8801911700472
8801911700473
8801911700474
8801911700475
8801911700476
8801911700477
8801911700478
8801911700479
8801911700480
8801911700481
8801911700482
8801911700483
8801911700484
8801911700485
8801911700486
8801911700487
8801911700488
8801911700489
8801911700490
8801911700491
8801911700492
8801911700493
8801911700494
8801911700495
8801911700496
8801911700497
8801911700498
8801911700499
8801911700500
8801911700501
8801911700502
8801911700503
8801911700504
8801911700505
8801911700506
8801911700507
8801911700508
8801911700509
8801911700510
8801911700511
8801911700512
8801911700513
8801911700514
8801911700515
8801911700516
8801911700517
8801911700518
8801911700519
8801911700520
8801911700521
8801911700522
8801911700523
8801911700524
8801911700525
8801911700526
8801911700527
8801911700528
8801911700529
8801911700530
8801911700531
8801911700532
8801911700533
8801911700534
8801911700535
8801911700536
8801911700537
8801911700538
8801911700539
8801911700540
8801911700541
8801911700542
8801911700543
8801911700544
8801911700545
8801911700546
8801911700547
8801911700548
8801911700549
8801911700550
8801911700551
8801911700552
8801911700553
8801911700554
8801911700555
8801911700556
8801911700557
8801911700558
8801911700559
8801911700560
8801911700561
8801911700562
8801911700563
8801911700564
8801911700565
8801911700566
8801911700567
8801911700568
8801911700569
8801911700570
8801911700571
8801911700572
8801911700573
8801911700574
8801911700575
8801911700576
8801911700577
8801911700578
8801911700579
8801911700580
8801911700581
8801911700582
8801911700583
8801911700584
8801911700585
8801911700586
8801911700587
8801911700588
8801911700589
8801911700590
8801911700591
8801911700592
8801911700593
8801911700594
8801911700595
8801911700596
8801911700597
8801911700598
8801911700599
8801911700600
8801911700601
8801911700602
8801911700603
8801911700604
8801911700605
8801911700606
8801911700607
8801911700608
8801911700609
8801911700610
8801911700611
8801911700612
8801911700613
8801911700614
8801911700615
8801911700616
8801911700617
8801911700618
8801911700619
8801911700620
8801911700621
8801911700622
8801911700623
8801911700624
8801911700625
8801911700626
8801911700627
8801911700628
8801911700629
8801911700630
8801911700631
8801911700632
8801911700633
8801911700634
8801911700635
8801911700636
8801911700637
8801911700638
8801911700639
8801911700640
8801911700641
8801911700642
8801911700643
8801911700644
8801911700645
8801911700646
8801911700647
8801911700648
8801911700649
8801911700650
8801911700651
8801911700652
8801911700653
8801911700654
8801911700655
8801911700656
8801911700657
8801911700658
8801911700659
8801911700660
8801911700661
8801911700662
8801911700663
8801911700664
8801911700665
8801911700666
8801911700667
8801911700668
8801911700669
8801911700670
8801911700671
8801911700672
8801911700673
8801911700674
8801911700675
8801911700676
8801911700677
8801911700678
8801911700679
8801911700680
8801911700681
8801911700682
8801911700683
8801911700684
8801911700685
8801911700686
8801911700687
8801911700688
8801911700689
8801911700690
8801911700691
8801911700692
8801911700693
8801911700694
8801911700695
8801911700696
8801911700697
8801911700698
8801911700699
8801911700700
8801911700701
8801911700702
8801911700703
8801911700704
8801911700705
8801911700706
8801911700707
8801911700708
8801911700709
8801911700710
8801911700711
8801911700712
8801911700713
8801911700714
8801911700715
8801911700716
8801911700717
8801911700718
8801911700719
8801911700720
8801911700721
8801911700722
8801911700723
8801911700724
8801911700725
8801911700726
8801911700727
8801911700728
8801911700729
8801911700730
8801911700731
8801911700732
8801911700733
8801911700734
8801911700735
8801911700736
8801911700737
8801911700738
8801911700739
8801911700740
8801911700741
8801911700742
8801911700743
8801911700744
8801911700745
8801911700746
8801911700747
8801911700748
8801911700749
8801911700750
8801911700751
8801911700752
8801911700753
8801911700754
8801911700755
8801911700756
8801911700757
8801911700758
8801911700759
8801911700760
8801911700761
8801911700762
8801911700763
8801911700764
8801911700765
8801911700766
8801911700767
8801911700768
8801911700769
8801911700770
8801911700771
8801911700772
8801911700773
8801911700774
8801911700775
8801911700776
8801911700777
8801911700778
8801911700779
8801911700780
8801911700781
8801911700782
8801911700783
8801911700784
8801911700785
8801911700786
8801911700787
8801911700788
8801911700789
8801911700790
8801911700791
8801911700792
8801911700793
8801911700794
8801911700795
8801911700796
8801911700797
8801911700798
8801911700799
8801911700800
8801911700801
8801911700802
8801911700803
8801911700804
8801911700805
8801911700806
8801911700807
8801911700808
8801911700809
8801911700810
8801911700811
8801911700812
8801911700813
8801911700814
8801911700815
8801911700816
8801911700817
8801911700818
8801911700819
8801911700820
8801911700821
8801911700822
8801911700823
8801911700824
8801911700825
8801911700826
8801911700827
8801911700828
8801911700829
8801911700830
8801911700831
8801911700832
8801911700833
8801911700834
8801911700835
8801911700836
8801911700837
8801911700838
8801911700839
8801911700840
8801911700841
8801911700842
8801911700843
8801911700844
8801911700845
8801911700846
8801911700847
8801911700848
8801911700849
8801911700850
8801911700851
8801911700852
8801911700853
8801911700854
8801911700855
8801911700856
8801911700857
8801911700858
8801911700859
8801911700860
8801911700861
8801911700862
8801911700863
8801911700864
8801911700865
8801911700866
8801911700867
8801911700868
8801911700869
8801911700870
8801911700871
8801911700872
8801911700873
8801911700874
8801911700875
8801911700876
8801911700877
8801911700878
8801911700879
8801911700880
8801911700881
8801911700882
8801911700883
8801911700884
8801911700885
8801911700886
8801911700887
8801911700888
8801911700889
8801911700890
8801911700891
8801911700892
8801911700893
8801911700894
8801911700895
8801911700896
8801911700897
8801911700898
8801911700899
8801911700900
8801911700901
8801911700902
8801911700903
8801911700904
8801911700905
8801911700906
8801911700907
8801911700908
8801911700909
8801911700910
8801911700911
8801911700912
8801911700913
8801911700914
8801911700915
8801911700916
8801911700917
8801911700918
8801911700919
8801911700920
8801911700921
8801911700922
8801911700923
8801911700924
8801911700925
8801911700926
8801911700927
8801911700928
8801911700929
8801911700930
8801911700931
8801911700932
8801911700933
8801911700934
8801911700935
8801911700936
8801911700937
8801911700938
8801911700939
8801911700940
8801911700941
8801911700942
8801911700943
8801911700944
8801911700945
8801911700946
8801911700947
8801911700948
8801911700949
8801911700950
8801911700951
8801911700952
8801911700953
8801911700954
8801911700955
8801911700956
8801911700957
8801911700958
8801911700959
8801911700960
8801911700961
8801911700962
8801911700963
8801911700964
8801911700965
8801911700966
8801911700967
8801911700968
8801911700969
8801911700970
8801911700971
8801911700972
8801911700973
8801911700974
8801911700975
8801911700976
8801911700977
8801911700978
8801911700979
8801911700980
8801911700981
8801911700982
8801911700983
8801911700984
8801911700985
8801911700986
8801911700987
8801911700988
8801911700989
8801911700990
8801911700991
8801911700992
8801911700993
8801911700994
8801911700995
8801911700996
8801911700997
8801911700998
8801911700999
8801911701000
8801911701001
8801911701002
8801911701003
8801911701004
8801911701005
8801911701006
8801911701007
8801911701008
8801911701009
8801911701010
8801911701011
8801911701012
8801911701013
8801911701014
8801911701015
8801911701016
8801911701017
8801911701018
8801911701019
8801911701020
8801911701021
8801911701022
8801911701023
8801911701024
8801911701025
8801911701026
8801911701027
8801911701028
8801911701029
8801911701030
8801911701031
8801911701032
8801911701033
8801911701034
8801911701035
8801911701036
8801911701037
8801911701038
8801911701039
8801911701040
8801911701041
8801911701042
8801911701043
8801911701044
8801911701045
8801911701046
8801911701047
8801911701048
8801911701049
8801911701050
8801911701051
8801911701052
8801911701053
8801911701054
8801911701055
8801911701056
8801911701057
8801911701058
8801911701059
8801911701060
8801911701061
8801911701062
8801911701063
8801911701064
8801911701065
8801911701066
8801911701067
8801911701068
8801911701069
8801911701070
8801911701071
8801911701072
8801911701073
8801911701074
8801911701075
8801911701076
8801911701077
8801911701078
8801911701079
8801911701080
8801911701081
8801911701082
8801911701083
8801911701084
8801911701085
8801911701086
8801911701087
8801911701088
8801911701089
8801911701090
8801911701091
8801911701092
8801911701093
8801911701094
8801911701095
8801911701096
8801911701097
8801911701098
8801911701099
8801911701100
8801911701101
8801911701102
8801911701103
8801911701104
8801911701105
8801911701106
8801911701107
8801911701108
8801911701109
8801911701110
8801911701111
8801911701112
8801911701113
8801911701114
8801911701115
8801911701116
8801911701117
8801911701118
8801911701119
8801911701120
8801911701121
8801911701122
8801911701123
8801911701124
8801911701125
8801911701126
8801911701127
8801911701128
8801911701129
8801911701130
8801911701131
8801911701132
8801911701133
8801911701134
8801911701135
8801911701136
8801911701137
8801911701138
8801911701139
8801911701140
8801911701141
8801911701142
8801911701143
8801911701144
8801911701145
8801911701146
8801911701147
8801911701148
8801911701149
8801911701150
8801911701151
8801911701152
8801911701153
8801911701154
8801911701155
8801911701156
8801911701157
8801911701158
8801911701159
8801911701160
8801911701161
8801911701162
8801911701163
8801911701164
8801911701165
8801911701166
8801911701167
8801911701168
8801911701169
8801911701170
8801911701171
8801911701172
8801911701173
8801911701174
8801911701175
8801911701176
8801911701177
8801911701178
8801911701179
8801911701180
8801911701181
8801911701182
8801911701183
8801911701184
8801911701185
8801911701186
8801911701187
8801911701188
8801911701189
8801911701190
8801911701191
8801911701192
8801911701193
8801911701194
8801911701195
8801911701196
8801911701197
8801911701198
8801911701199
8801911701200
8801911701201
8801911701202
8801911701203
8801911701204
8801911701205
8801911701206
8801911701207
8801911701208
8801911701209
8801911701210
8801911701211
8801911701212
8801911701213
8801911701214
8801911701215
8801911701216
8801911701217
8801911701218
8801911701219
8801911701220
8801911701221
8801911701222
8801911701223
8801911701224
8801911701225
8801911701226
8801911701227
8801911701228
8801911701229
8801911701230
8801911701231
8801911701232
8801911701233
8801911701234
8801911701235
8801911701236
8801911701237
8801911701238
8801911701239
8801911701240
8801911701241
8801911701242
8801911701243
8801911701244
8801911701245
8801911701246
8801911701247
8801911701248
8801911701249
8801911701250
8801911701251
8801911701252
8801911701253
8801911701254
8801911701255
8801911701256
8801911701257
8801911701258
8801911701259
8801911701260
8801911701261
8801911701262
8801911701263
8801911701264
8801911701265
8801911701266
8801911701267
8801911701268
8801911701269
8801911701270
8801911701271
8801911701272
8801911701273
8801911701274
8801911701275
8801911701276
8801911701277
8801911701278
8801911701279
8801911701280
8801911701281
8801911701282
8801911701283
8801911701284
8801911701285
8801911701286
8801911701287
8801911701288
8801911701289
8801911701290
8801911701291
8801911701292
8801911701293
8801911701294
8801911701295
8801911701296
8801911701297
8801911701298
8801911701299
8801911701300
8801911701301
8801911701302
8801911701303
8801911701304
8801911701305
8801911701306
8801911701307
8801911701308
8801911701309
8801911701310
8801911701311
8801911701312
8801911701313
8801911701314
8801911701315
8801911701316
8801911701317
8801911701318
8801911701319
8801911701320
8801911701321
8801911701322
8801911701323
8801911701324
8801911701325
8801911701326
8801911701327
8801911701328
8801911701329
8801911701330
8801911701331
8801911701332
8801911701333
8801911701334
8801911701335
8801911701336
8801911701337
8801911701338
8801911701339
8801911701340
8801911701341
8801911701342
8801911701343
8801911701344
8801911701345
8801911701346
8801911701347
8801911701348
8801911701349
8801911701350
8801911701351
8801911701352
8801911701353
8801911701354
8801911701355
8801911701356
8801911701357
8801911701358
8801911701359
8801911701360
8801911701361
8801911701362
8801911701363
8801911701364
8801911701365
8801911701366
8801911701367
8801911701368
8801911701369
8801911701370
8801911701371
8801911701372
8801911701373
8801911701374
8801911701375
8801911701376
8801911701377
8801911701378
8801911701379
8801911701380
8801911701381
8801911701382
8801911701383
8801911701384
8801911701385
8801911701386
8801911701387
8801911701388
8801911701389
8801911701390
8801911701391
8801911701392
8801911701393
8801911701394
8801911701395
8801911701396
8801911701397
8801911701398
8801911701399
8801911701400
8801911701401
8801911701402
8801911701403
8801911701404
8801911701405
8801911701406
8801911701407
8801911701408
8801911701409
8801911701410
8801911701411
8801911701412
8801911701413
8801911701414
8801911701415
8801911701416
8801911701417
8801911701418
8801911701419
8801911701420
8801911701421
8801911701422
8801911701423
8801911701424
8801911701425
8801911701426
8801911701427
8801911701428
8801911701429
8801911701430
8801911701431
8801911701432
8801911701433
8801911701434
8801911701435
8801911701436
8801911701437
8801911701438
8801911701439
8801911701440
8801911701441
8801911701442
8801911701443
8801911701444
8801911701445
8801911701446
8801911701447
8801911701448
8801911701449
8801911701450
8801911701451
8801911701452
8801911701453
8801911701454
8801911701455
8801911701456
8801911701457
8801911701458
8801911701459
8801911701460
8801911701461
8801911701462
8801911701463
8801911701464
8801911701465
8801911701466
8801911701467
8801911701468
8801911701469
8801911701470
8801911701471
8801911701472
8801911701473
8801911701474
8801911701475
8801911701476
8801911701477
8801911701478
8801911701479
8801911701480
8801911701481
8801911701482
8801911701483
8801911701484
8801911701485
8801911701486
8801911701487
8801911701488
8801911701489
8801911701490
8801911701491
8801911701492
8801911701493
8801911701494
8801911701495
8801911701496
8801911701497
8801911701498
8801911701499
8801911701500
8801911701501
8801911701502
8801911701503
8801911701504
8801911701505
8801911701506
8801911701507
8801911701508
8801911701509
8801911701510
8801911701511
8801911701512
8801911701513
8801911701514
8801911701515
8801911701516
8801911701517
8801911701518
8801911701519
8801911701520
8801911701521
8801911701522
8801911701523
8801911701524
8801911701525
8801911701526
8801911701527
8801911701528
8801911701529
8801911701530
8801911701531
8801911701532
8801911701533
8801911701534
8801911701535
8801911701536
8801911701537
8801911701538
8801911701539
8801911701540
8801911701541
8801911701542
8801911701543
8801911701544
8801911701545
8801911701546
8801911701547
8801911701548
8801911701549
8801911701550
8801911701551
8801911701552
8801911701553
8801911701554
8801911701555
8801911701556
8801911701557
8801911701558
8801911701559
8801911701560
8801911701561
8801911701562
8801911701563
8801911701564
8801911701565
8801911701566
8801911701567
8801911701568
8801911701569
8801911701570
8801911701571
8801911701572
8801911701573
8801911701574
8801911701575
8801911701576
8801911701577
8801911701578
8801911701579
8801911701580
8801911701581
8801911701582
8801911701583
8801911701584
8801911701585
8801911701586
8801911701587
8801911701588
8801911701589
8801911701590
8801911701591
8801911701592
8801911701593
8801911701594
8801911701595
8801911701596
8801911701597
8801911701598
8801911701599
8801911701600
8801911701601
8801911701602
8801911701603
8801911701604
8801911701605
8801911701606
8801911701607
8801911701608
8801911701609
8801911701610
8801911701611
8801911701612
8801911701613
8801911701614
8801911701615
8801911701616
8801911701617
8801911701618
8801911701619
8801911701620
8801911701621
8801911701622
8801911701623
8801911701624
8801911701625
8801911701626
8801911701627
8801911701628
8801911701629
8801911701630
8801911701631
8801911701632
8801911701633
8801911701634
8801911701635
8801911701636
8801911701637
8801911701638
8801911701639
8801911701640
8801911701641
8801911701642
8801911701643
8801911701644
8801911701645
8801911701646
8801911701647
8801911701648
8801911701649
8801911701650
8801911701651
8801911701652
8801911701653
8801911701654
8801911701655
8801911701656
8801911701657
8801911701658
8801911701659
8801911701660
8801911701661
8801911701662
8801911701663
8801911701664
8801911701665
8801911701666
8801911701667
8801911701668
8801911701669
8801911701670
8801911701671
8801911701672
8801911701673
8801911701674
8801911701675
8801911701676
8801911701677
8801911701678
8801911701679
8801911701680
8801911701681
8801911701682
8801911701683
8801911701684
8801911701685
8801911701686
8801911701687
8801911701688
8801911701689
8801911701690
8801911701691
8801911701692
8801911701693
8801911701694
8801911701695
8801911701696
8801911701697
8801911701698
8801911701699
8801911701700
8801911701701
8801911701702
8801911701703
8801911701704
8801911701705
8801911701706
8801911701707
8801911701708
8801911701709
8801911701710
8801911701711
8801911701712
8801911701713
8801911701714
8801911701715
8801911701716
8801911701717
8801911701718
8801911701719
8801911701720
8801911701721
8801911701722
8801911701723
8801911701724
8801911701725
8801911701726
8801911701727
8801911701728
8801911701729
8801911701730
8801911701731
8801911701732
8801911701733
8801911701734
8801911701735
8801911701736
8801911701737
8801911701738
8801911701739
8801911701740
8801911701741
8801911701742
8801911701743
8801911701744
8801911701745
8801911701746
8801911701747
8801911701748
8801911701749
8801911701750
8801911701751
8801911701752
8801911701753
8801911701754
8801911701755
8801911701756
8801911701757
8801911701758
8801911701759
8801911701760
8801911701761
8801911701762
8801911701763
8801911701764
8801911701765
8801911701766
8801911701767
8801911701768
8801911701769
8801911701770
8801911701771
8801911701772
8801911701773
8801911701774
8801911701775
8801911701776
8801911701777
8801911701778
8801911701779
8801911701780
8801911701781
8801911701782
8801911701783
8801911701784
8801911701785
8801911701786
8801911701787
8801911701788
8801911701789
8801911701790
8801911701791
8801911701792
8801911701793
8801911701794
8801911701795
8801911701796
8801911701797
8801911701798
8801911701799
8801911701800
8801911701801
8801911701802
8801911701803
8801911701804
8801911701805
8801911701806
8801911701807
8801911701808
8801911701809
8801911701810
8801911701811
8801911701812
8801911701813
8801911701814
8801911701815
8801911701816
8801911701817
8801911701818
8801911701819
8801911701820
8801911701821
8801911701822
8801911701823
8801911701824
8801911701825
8801911701826
8801911701827
8801911701828
8801911701829
8801911701830
8801911701831
8801911701832
8801911701833
8801911701834
8801911701835
8801911701836
8801911701837
8801911701838
8801911701839
8801911701840
8801911701841
8801911701842
8801911701843
8801911701844
8801911701845
8801911701846
8801911701847
8801911701848
8801911701849
8801911701850
8801911701851
8801911701852
8801911701853
8801911701854
8801911701855
8801911701856
8801911701857
8801911701858
8801911701859
8801911701860
8801911701861
8801911701862
8801911701863
8801911701864
8801911701865
8801911701866
8801911701867
8801911701868
8801911701869
8801911701870
8801911701871
8801911701872
8801911701873
8801911701874
8801911701875
8801911701876
8801911701877
8801911701878
8801911701879
8801911701880
8801911701881
8801911701882
8801911701883
8801911701884
8801911701885
8801911701886
8801911701887
8801911701888
8801911701889
8801911701890
8801911701891
8801911701892
8801911701893
8801911701894
8801911701895
8801911701896
8801911701897
8801911701898
8801911701899
8801911701900
8801911701901
8801911701902
8801911701903
8801911701904
8801911701905
8801911701906
8801911701907
8801911701908
8801911701909
8801911701910
8801911701911
8801911701912
8801911701913
8801911701914
8801911701915
8801911701916
8801911701917
8801911701918
8801911701919
8801911701920
8801911701921
8801911701922
8801911701923
8801911701924
8801911701925
8801911701926
8801911701927
8801911701928
8801911701929
8801911701930
8801911701931
8801911701932
8801911701933
8801911701934
8801911701935
8801911701936
8801911701937
8801911701938
8801911701939
8801911701940
8801911701941
8801911701942
8801911701943
8801911701944
8801911701945
8801911701946
8801911701947
8801911701948
8801911701949
8801911701950
8801911701951
8801911701952
8801911701953
8801911701954
8801911701955
8801911701956
8801911701957
8801911701958
8801911701959
8801911701960
8801911701961
8801911701962
8801911701963
8801911701964
8801911701965
8801911701966
8801911701967
8801911701968
8801911701969
8801911701970
8801911701971
8801911701972
8801911701973
8801911701974
8801911701975
8801911701976
8801911701977
8801911701978
8801911701979
8801911701980
8801911701981
8801911701982
8801911701983
8801911701984
8801911701985
8801911701986
8801911701987
8801911701988
8801911701989
8801911701990
8801911701991
8801911701992
8801911701993
8801911701994
8801911701995
8801911701996
8801911701997
8801911701998
8801911701999
8801911702000
8801911702001
8801911702002
8801911702003
8801911702004
8801911702005
8801911702006
8801911702007
8801911702008
8801911702009
8801911702010
8801911702011
8801911702012
8801911702013
8801911702014
8801911702015
8801911702016
8801911702017
8801911702018
8801911702019
8801911702020
8801911702021
8801911702022
8801911702023
8801911702024
8801911702025
8801911702026
8801911702027
8801911702028
8801911702029
8801911702030
8801911702031
8801911702032
8801911702033
8801911702034
8801911702035
8801911702036
8801911702037
8801911702038
8801911702039
8801911702040
8801911702041
8801911702042
8801911702043
8801911702044
8801911702045
8801911702046
8801911702047
8801911702048
8801911702049
8801911702050
8801911702051
8801911702052
8801911702053
8801911702054
8801911702055
8801911702056
8801911702057
8801911702058
8801911702059
8801911702060
8801911702061
8801911702062
8801911702063
8801911702064
8801911702065
8801911702066
8801911702067
8801911702068
8801911702069
8801911702070
8801911702071
8801911702072
8801911702073
8801911702074
8801911702075
8801911702076
8801911702077
8801911702078
8801911702079
8801911702080
8801911702081
8801911702082
8801911702083
8801911702084
8801911702085
8801911702086
8801911702087
8801911702088
8801911702089
8801911702090
8801911702091
8801911702092
8801911702093
8801911702094
8801911702095
8801911702096
8801911702097
8801911702098
8801911702099
8801911702100
8801911702101
8801911702102
8801911702103
8801911702104
8801911702105
8801911702106
8801911702107
8801911702108
8801911702109
8801911702110
8801911702111
8801911702112
8801911702113
8801911702114
8801911702115
8801911702116
8801911702117
8801911702118
8801911702119
8801911702120
8801911702121
8801911702122
8801911702123
8801911702124
8801911702125
8801911702126
8801911702127
8801911702128
8801911702129
8801911702130
8801911702131
8801911702132
8801911702133
8801911702134
8801911702135
8801911702136
8801911702137
8801911702138
8801911702139
8801911702140
8801911702141
8801911702142
8801911702143
8801911702144
8801911702145
8801911702146
8801911702147
8801911702148
8801911702149
8801911702150
8801911702151
8801911702152
8801911702153
8801911702154
8801911702155
8801911702156
8801911702157
8801911702158
8801911702159
8801911702160
8801911702161
8801911702162
8801911702163
8801911702164
8801911702165
8801911702166
8801911702167
8801911702168
8801911702169
8801911702170
8801911702171
8801911702172
8801911702173
8801911702174
8801911702175
8801911702176
8801911702177
8801911702178
8801911702179
8801911702180
8801911702181
8801911702182
8801911702183
8801911702184
8801911702185
8801911702186
8801911702187
8801911702188
8801911702189
8801911702190
8801911702191
8801911702192
8801911702193
8801911702194
8801911702195
8801911702196
8801911702197
8801911702198
8801911702199
8801911702200
8801911702201
8801911702202
8801911702203
8801911702204
8801911702205
8801911702206
8801911702207
8801911702208
8801911702209
8801911702210
8801911702211
8801911702212
8801911702213
8801911702214
8801911702215
8801911702216
8801911702217
8801911702218
8801911702219
8801911702220
8801911702221
8801911702222
8801911702223
8801911702224
8801911702225
8801911702226
8801911702227
8801911702228
8801911702229
8801911702230
8801911702231
8801911702232
8801911702233
8801911702234
8801911702235
8801911702236
8801911702237
8801911702238
8801911702239
8801911702240
8801911702241
8801911702242
8801911702243
8801911702244
8801911702245
8801911702246
8801911702247
8801911702248
8801911702249
8801911702250
8801911702251
8801911702252
8801911702253
8801911702254
8801911702255
8801911702256
8801911702257
8801911702258
8801911702259
8801911702260
8801911702261
8801911702262
8801911702263
8801911702264
8801911702265
8801911702266
8801911702267
8801911702268
8801911702269
8801911702270
8801911702271
8801911702272
8801911702273
8801911702274
8801911702275
8801911702276
8801911702277
8801911702278
8801911702279
8801911702280
8801911702281
8801911702282
8801911702283
8801911702284
8801911702285
8801911702286
8801911702287
8801911702288
8801911702289
8801911702290
8801911702291
8801911702292
8801911702293
8801911702294
8801911702295
8801911702296
8801911702297
8801911702298
8801911702299
8801911702300
8801911702301
8801911702302
8801911702303
8801911702304
8801911702305
8801911702306
8801911702307
8801911702308
8801911702309
8801911702310
8801911702311
8801911702312
8801911702313
8801911702314
8801911702315
8801911702316
8801911702317
8801911702318
8801911702319
8801911702320
8801911702321
8801911702322
8801911702323
8801911702324
8801911702325
8801911702326
8801911702327
8801911702328
8801911702329
8801911702330
8801911702331
8801911702332
8801911702333
8801911702334
8801911702335
8801911702336
8801911702337
8801911702338
8801911702339
8801911702340
8801911702341
8801911702342
8801911702343
8801911702344
8801911702345
8801911702346
8801911702347
8801911702348
8801911702349
8801911702350
8801911702351
8801911702352
8801911702353
8801911702354
8801911702355
8801911702356
8801911702357
8801911702358
8801911702359
8801911702360
8801911702361
8801911702362
8801911702363
8801911702364
8801911702365
8801911702366
8801911702367
8801911702368
8801911702369
8801911702370
8801911702371
8801911702372
8801911702373
8801911702374
8801911702375
8801911702376
8801911702377
8801911702378
8801911702379
8801911702380
8801911702381
8801911702382
8801911702383
8801911702384
8801911702385
8801911702386
8801911702387
8801911702388
8801911702389
8801911702390
8801911702391
8801911702392
8801911702393
8801911702394
8801911702395
8801911702396
8801911702397
8801911702398
8801911702399
8801911702400
8801911702401
8801911702402
8801911702403
8801911702404
8801911702405
8801911702406
8801911702407
8801911702408
8801911702409
8801911702410
8801911702411
8801911702412
8801911702413
8801911702414
8801911702415
8801911702416
8801911702417
8801911702418
8801911702419
8801911702420
8801911702421
8801911702422
8801911702423
8801911702424
8801911702425
8801911702426
8801911702427
8801911702428
8801911702429
8801911702430
8801911702431
8801911702432
8801911702433
8801911702434
8801911702435
8801911702436
8801911702437
8801911702438
8801911702439
8801911702440
8801911702441
8801911702442
8801911702443
8801911702444
8801911702445
8801911702446
8801911702447
8801911702448
8801911702449
8801911702450
8801911702451
8801911702452
8801911702453
8801911702454
8801911702455
8801911702456
8801911702457
8801911702458
8801911702459
8801911702460
8801911702461
8801911702462
8801911702463
8801911702464
8801911702465
8801911702466
8801911702467
8801911702468
8801911702469
8801911702470
8801911702471
8801911702472
8801911702473
8801911702474
8801911702475
8801911702476
8801911702477
8801911702478
8801911702479
8801911702480
8801911702481
8801911702482
8801911702483
8801911702484
8801911702485
8801911702486
8801911702487
8801911702488
8801911702489
8801911702490
8801911702491
8801911702492
8801911702493
8801911702494
8801911702495
8801911702496
8801911702497
8801911702498
8801911702499
8801911702500
8801911702501
8801911702502
8801911702503
8801911702504
8801911702505
8801911702506
8801911702507
8801911702508
8801911702509
8801911702510
8801911702511
8801911702512
8801911702513
8801911702514
8801911702515
8801911702516
8801911702517
8801911702518
8801911702519
8801911702520
8801911702521
8801911702522
8801911702523
8801911702524
8801911702525
8801911702526
8801911702527
8801911702528
8801911702529
8801911702530
8801911702531
8801911702532
8801911702533
8801911702534
8801911702535
8801911702536
8801911702537
8801911702538
8801911702539
8801911702540
8801911702541
8801911702542
8801911702543
8801911702544
8801911702545
8801911702546
8801911702547
8801911702548
8801911702549
8801911702550
8801911702551
8801911702552
8801911702553
8801911702554
8801911702555
8801911702556
8801911702557
8801911702558
8801911702559
8801911702560
8801911702561
8801911702562
8801911702563
8801911702564
8801911702565
8801911702566
8801911702567
8801911702568
8801911702569
8801911702570
8801911702571
8801911702572
8801911702573
8801911702574
8801911702575
8801911702576
8801911702577
8801911702578
8801911702579
8801911702580
8801911702581
8801911702582
8801911702583
8801911702584
8801911702585
8801911702586
8801911702587
8801911702588
8801911702589
8801911702590
8801911702591
8801911702592
8801911702593
8801911702594
8801911702595
8801911702596
8801911702597
8801911702598
8801911702599
8801911702600
8801911702601
8801911702602
8801911702603
8801911702604
8801911702605
8801911702606
8801911702607
8801911702608
8801911702609
8801911702610
8801911702611
8801911702612
8801911702613
8801911702614
8801911702615
8801911702616
8801911702617
8801911702618
8801911702619
8801911702620
8801911702621
8801911702622
8801911702623
8801911702624
8801911702625
8801911702626
8801911702627
8801911702628
8801911702629
8801911702630
8801911702631
8801911702632
8801911702633
8801911702634
8801911702635
8801911702636
8801911702637
8801911702638
8801911702639
8801911702640
8801911702641
8801911702642
8801911702643
8801911702644
8801911702645
8801911702646
8801911702647
8801911702648
8801911702649
8801911702650
8801911702651
8801911702652
8801911702653
8801911702654
8801911702655
8801911702656
8801911702657
8801911702658
8801911702659
8801911702660
8801911702661
8801911702662
8801911702663
8801911702664
8801911702665
8801911702666
8801911702667
8801911702668
8801911702669
8801911702670
8801911702671
8801911702672
8801911702673
8801911702674
8801911702675
8801911702676
8801911702677
8801911702678
8801911702679
8801911702680
8801911702681
8801911702682
8801911702683
8801911702684
8801911702685
8801911702686
8801911702687
8801911702688
8801911702689
8801911702690
8801911702691
8801911702692
8801911702693
8801911702694
8801911702695
8801911702696
8801911702697
8801911702698
8801911702699
8801911702700
8801911702701
8801911702702
8801911702703
8801911702704
8801911702705
8801911702706
8801911702707
8801911702708
8801911702709
8801911702710
8801911702711
8801911702712
8801911702713
8801911702714
8801911702715
8801911702716
8801911702717
8801911702718
8801911702719
8801911702720
8801911702721
8801911702722
8801911702723
8801911702724
8801911702725
8801911702726
8801911702727
8801911702728
8801911702729
8801911702730
8801911702731
8801911702732
8801911702733
8801911702734
8801911702735
8801911702736
8801911702737
8801911702738
8801911702739
8801911702740
8801911702741
8801911702742
8801911702743
8801911702744
8801911702745
8801911702746
8801911702747
8801911702748
8801911702749
8801911702750
8801911702751
8801911702752
8801911702753
8801911702754
8801911702755
8801911702756
8801911702757
8801911702758
8801911702759
8801911702760
8801911702761
8801911702762
8801911702763
8801911702764
8801911702765
8801911702766
8801911702767
8801911702768
8801911702769
8801911702770
8801911702771
8801911702772
8801911702773
8801911702774
8801911702775
8801911702776
8801911702777
8801911702778
8801911702779
8801911702780
8801911702781
8801911702782
8801911702783
8801911702784
8801911702785
8801911702786
8801911702787
8801911702788
8801911702789
8801911702790
8801911702791
8801911702792
8801911702793
8801911702794
8801911702795
8801911702796
8801911702797
8801911702798
8801911702799
8801911702800
8801911702801
8801911702802
8801911702803
8801911702804
8801911702805
8801911702806
8801911702807
8801911702808
8801911702809
8801911702810
8801911702811
8801911702812
8801911702813
8801911702814
8801911702815
8801911702816
8801911702817
8801911702818
8801911702819
8801911702820
8801911702821
8801911702822
8801911702823
8801911702824
8801911702825
8801911702826
8801911702827
8801911702828
8801911702829
8801911702830
8801911702831
8801911702832
8801911702833
8801911702834
8801911702835
8801911702836
8801911702837
8801911702838
8801911702839
8801911702840
8801911702841
8801911702842
8801911702843
8801911702844
8801911702845
8801911702846
8801911702847
8801911702848
8801911702849
8801911702850
8801911702851
8801911702852
8801911702853
8801911702854
8801911702855
8801911702856
8801911702857
8801911702858
8801911702859
8801911702860
8801911702861
8801911702862
8801911702863
8801911702864
8801911702865
8801911702866
8801911702867
8801911702868
8801911702869
8801911702870
8801911702871
8801911702872
8801911702873
8801911702874
8801911702875
8801911702876
8801911702877
8801911702878
8801911702879
8801911702880
8801911702881
8801911702882
8801911702883
8801911702884
8801911702885
8801911702886
8801911702887
8801911702888
8801911702889
8801911702890
8801911702891
8801911702892
8801911702893
8801911702894
8801911702895
8801911702896
8801911702897
8801911702898
8801911702899
8801911702900
8801911702901
8801911702902
8801911702903
8801911702904
8801911702905
8801911702906
8801911702907
8801911702908
8801911702909
8801911702910
8801911702911
8801911702912
8801911702913
8801911702914
8801911702915
8801911702916
8801911702917
8801911702918
8801911702919
8801911702920
8801911702921
8801911702922
8801911702923
8801911702924
8801911702925
8801911702926
8801911702927
8801911702928
8801911702929
8801911702930
8801911702931
8801911702932
8801911702933
8801911702934
8801911702935
8801911702936
8801911702937
8801911702938
8801911702939
8801911702940
8801911702941
8801911702942
8801911702943
8801911702944
8801911702945
8801911702946
8801911702947
8801911702948
8801911702949
8801911702950
8801911702951
8801911702952
8801911702953
8801911702954
8801911702955
8801911702956
8801911702957
8801911702958
8801911702959
8801911702960
8801911702961
8801911702962
8801911702963
8801911702964
8801911702965
8801911702966
8801911702967
8801911702968
8801911702969
8801911702970
8801911702971
8801911702972
8801911702973
8801911702974
8801911702975
8801911702976
8801911702977
8801911702978
8801911702979
8801911702980
8801911702981
8801911702982
8801911702983
8801911702984
8801911702985
8801911702986
8801911702987
8801911702988
8801911702989
8801911702990
8801911702991
8801911702992
8801911702993
8801911702994
8801911702995
8801911702996
8801911702997
8801911702998
8801911702999
8801911703000
8801911703001
8801911703002
8801911703003
8801911703004
8801911703005
8801911703006
8801911703007
8801911703008
8801911703009
8801911703010
8801911703011
8801911703012
8801911703013
8801911703014
8801911703015
8801911703016
8801911703017
8801911703018
8801911703019
8801911703020
8801911703021
8801911703022
8801911703023
8801911703024
8801911703025
8801911703026
8801911703027
8801911703028
8801911703029
8801911703030
8801911703031
8801911703032
8801911703033
8801911703034
8801911703035
8801911703036
8801911703037
8801911703038
8801911703039
8801911703040
8801911703041
8801911703042
8801911703043
8801911703044
8801911703045
8801911703046
8801911703047
8801911703048
8801911703049
8801911703050
8801911703051
8801911703052
8801911703053
8801911703054
8801911703055
8801911703056
8801911703057
8801911703058
8801911703059
8801911703060
8801911703061
8801911703062
8801911703063
8801911703064
8801911703065
8801911703066
8801911703067
8801911703068
8801911703069
8801911703070
8801911703071
8801911703072
8801911703073
8801911703074
8801911703075
8801911703076
8801911703077
8801911703078
8801911703079
8801911703080
8801911703081
8801911703082
8801911703083
8801911703084
8801911703085
8801911703086
8801911703087
8801911703088
8801911703089
8801911703090
8801911703091
8801911703092
8801911703093
8801911703094
8801911703095
8801911703096
8801911703097
8801911703098
8801911703099
8801911703100
8801911703101
8801911703102
8801911703103
8801911703104
8801911703105
8801911703106
8801911703107
8801911703108
8801911703109
8801911703110
8801911703111
8801911703112
8801911703113
8801911703114
8801911703115
8801911703116
8801911703117
8801911703118
8801911703119
8801911703120
8801911703121
8801911703122
8801911703123
8801911703124
8801911703125
8801911703126
8801911703127
8801911703128
8801911703129
8801911703130
8801911703131
8801911703132
8801911703133
8801911703134
8801911703135
8801911703136
8801911703137
8801911703138
8801911703139
8801911703140
8801911703141
8801911703142
8801911703143
8801911703144
8801911703145
8801911703146
8801911703147
8801911703148
8801911703149
8801911703150
8801911703151
8801911703152
8801911703153
8801911703154
8801911703155
8801911703156
8801911703157
8801911703158
8801911703159
8801911703160
8801911703161
8801911703162
8801911703163
8801911703164
8801911703165
8801911703166
8801911703167
8801911703168
8801911703169
8801911703170
8801911703171
8801911703172
8801911703173
8801911703174
8801911703175
8801911703176
8801911703177
8801911703178
8801911703179
8801911703180
8801911703181
8801911703182
8801911703183
8801911703184
8801911703185
8801911703186
8801911703187
8801911703188
8801911703189
8801911703190
8801911703191
8801911703192
8801911703193
8801911703194
8801911703195
8801911703196
8801911703197
8801911703198
8801911703199
8801911703200
8801911703201
8801911703202
8801911703203
8801911703204
8801911703205
8801911703206
8801911703207
8801911703208
8801911703209
8801911703210
8801911703211
8801911703212
8801911703213
8801911703214
8801911703215
8801911703216
8801911703217
8801911703218
8801911703219
8801911703220
8801911703221
8801911703222
8801911703223
8801911703224
8801911703225
8801911703226
8801911703227
8801911703228
8801911703229
8801911703230
8801911703231
8801911703232
8801911703233
8801911703234
8801911703235
8801911703236
8801911703237
8801911703238
8801911703239
8801911703240
8801911703241
8801911703242
8801911703243
8801911703244
8801911703245
8801911703246
8801911703247
8801911703248
8801911703249
8801911703250
8801911703251
8801911703252
8801911703253
8801911703254
8801911703255
8801911703256
8801911703257
8801911703258
8801911703259
8801911703260
8801911703261
8801911703262
8801911703263
8801911703264
8801911703265
8801911703266
8801911703267
8801911703268
8801911703269
8801911703270
8801911703271
8801911703272
8801911703273
8801911703274
8801911703275
8801911703276
8801911703277
8801911703278
8801911703279
8801911703280
8801911703281
8801911703282
8801911703283
8801911703284
8801911703285
8801911703286
8801911703287
8801911703288
8801911703289
8801911703290
8801911703291
8801911703292
8801911703293
8801911703294
8801911703295
8801911703296
8801911703297
8801911703298
8801911703299
8801911703300
8801911703301
8801911703302
8801911703303
8801911703304
8801911703305
8801911703306
8801911703307
8801911703308
8801911703309
8801911703310
8801911703311
8801911703312
8801911703313
8801911703314
8801911703315
8801911703316
8801911703317
8801911703318
8801911703319
8801911703320
8801911703321
8801911703322
8801911703323
8801911703324
8801911703325
8801911703326
8801911703327
8801911703328
8801911703329
8801911703330
8801911703331
8801911703332
8801911703333
8801911703334
8801911703335
8801911703336
8801911703337
8801911703338
8801911703339
8801911703340
8801911703341
8801911703342
8801911703343
8801911703344
8801911703345
8801911703346
8801911703347
8801911703348
8801911703349
8801911703350
8801911703351
8801911703352
8801911703353
8801911703354
8801911703355
8801911703356
8801911703357
8801911703358
8801911703359
8801911703360
8801911703361
8801911703362
8801911703363
8801911703364
8801911703365
8801911703366
8801911703367
8801911703368
8801911703369
8801911703370
8801911703371
8801911703372
8801911703373
8801911703374
8801911703375
8801911703376
8801911703377
8801911703378
8801911703379
8801911703380
8801911703381
8801911703382
8801911703383
8801911703384
8801911703385
8801911703386
8801911703387
8801911703388
8801911703389
8801911703390
8801911703391
8801911703392
8801911703393
8801911703394
8801911703395
8801911703396
8801911703397
8801911703398
8801911703399
8801911703400
8801911703401
8801911703402
8801911703403
8801911703404
8801911703405
8801911703406
8801911703407
8801911703408
8801911703409
8801911703410
8801911703411
8801911703412
8801911703413
8801911703414
8801911703415
8801911703416
8801911703417
8801911703418
8801911703419
8801911703420
8801911703421
8801911703422
8801911703423
8801911703424
8801911703425
8801911703426
8801911703427
8801911703428
8801911703429
8801911703430
8801911703431
8801911703432
8801911703433
8801911703434
8801911703435
8801911703436
8801911703437
8801911703438
8801911703439
8801911703440
8801911703441
8801911703442
8801911703443
8801911703444
8801911703445
8801911703446
8801911703447
8801911703448
8801911703449
8801911703450
8801911703451
8801911703452
8801911703453
8801911703454
8801911703455
8801911703456
8801911703457
8801911703458
8801911703459
8801911703460
8801911703461
8801911703462
8801911703463
8801911703464
8801911703465
8801911703466
8801911703467
8801911703468
8801911703469
8801911703470
8801911703471
8801911703472
8801911703473
8801911703474
8801911703475
8801911703476
8801911703477
8801911703478
8801911703479
8801911703480
8801911703481
8801911703482
8801911703483
8801911703484
8801911703485
8801911703486
8801911703487
8801911703488
8801911703489
8801911703490
8801911703491
8801911703492
8801911703493
8801911703494
8801911703495
8801911703496
8801911703497
8801911703498
8801911703499
8801911703500
8801911703501
8801911703502
8801911703503
8801911703504
8801911703505
8801911703506
8801911703507
8801911703508
8801911703509
8801911703510
8801911703511
8801911703512
8801911703513
8801911703514
8801911703515
8801911703516
8801911703517
8801911703518
8801911703519
8801911703520
8801911703521
8801911703522
8801911703523
8801911703524
8801911703525
8801911703526
8801911703527
8801911703528
8801911703529
8801911703530
8801911703531
8801911703532
8801911703533
8801911703534
8801911703535
8801911703536
8801911703537
8801911703538
8801911703539
8801911703540
8801911703541
8801911703542
8801911703543
8801911703544
8801911703545
8801911703546
8801911703547
8801911703548
8801911703549
8801911703550
8801911703551
8801911703552
8801911703553
8801911703554
8801911703555
8801911703556
8801911703557
8801911703558
8801911703559
8801911703560
8801911703561
8801911703562
8801911703563
8801911703564
8801911703565
8801911703566
8801911703567
8801911703568
8801911703569
8801911703570
8801911703571
8801911703572
8801911703573
8801911703574
8801911703575
8801911703576
8801911703577
8801911703578
8801911703579
8801911703580
8801911703581
8801911703582
8801911703583
8801911703584
8801911703585
8801911703586
8801911703587
8801911703588
8801911703589
8801911703590
8801911703591
8801911703592
8801911703593
8801911703594
8801911703595
8801911703596
8801911703597
8801911703598
8801911703599
8801911703600
8801911703601
8801911703602
8801911703603
8801911703604
8801911703605
8801911703606
8801911703607
8801911703608
8801911703609
8801911703610
8801911703611
8801911703612
8801911703613
8801911703614
8801911703615
8801911703616
8801911703617
8801911703618
8801911703619
8801911703620
8801911703621
8801911703622
8801911703623
8801911703624
8801911703625
8801911703626
8801911703627
8801911703628
8801911703629
8801911703630
8801911703631
8801911703632
8801911703633
8801911703634
8801911703635
8801911703636
8801911703637
8801911703638
8801911703639
8801911703640
8801911703641
8801911703642
8801911703643
8801911703644
8801911703645
8801911703646
8801911703647
8801911703648
8801911703649
8801911703650
8801911703651
8801911703652
8801911703653
8801911703654
8801911703655
8801911703656
8801911703657
8801911703658
8801911703659
8801911703660
8801911703661
8801911703662
8801911703663
8801911703664
8801911703665
8801911703666
8801911703667
8801911703668
8801911703669
8801911703670
8801911703671
8801911703672
8801911703673
8801911703674
8801911703675
8801911703676
8801911703677
8801911703678
8801911703679
8801911703680
8801911703681
8801911703682
8801911703683
8801911703684
8801911703685
8801911703686
8801911703687
8801911703688
8801911703689
8801911703690
8801911703691
8801911703692
8801911703693
8801911703694
8801911703695
8801911703696
8801911703697
8801911703698
8801911703699
8801911703700
8801911703701
8801911703702
8801911703703
8801911703704
8801911703705
8801911703706
8801911703707
8801911703708
8801911703709
8801911703710
8801911703711
8801911703712
8801911703713
8801911703714
8801911703715
8801911703716
8801911703717
8801911703718
8801911703719
8801911703720
8801911703721
8801911703722
8801911703723
8801911703724
8801911703725
8801911703726
8801911703727
8801911703728
8801911703729
8801911703730
8801911703731
8801911703732
8801911703733
8801911703734
8801911703735
8801911703736
8801911703737
8801911703738
8801911703739
8801911703740
8801911703741
8801911703742
8801911703743
8801911703744
8801911703745
8801911703746
8801911703747
8801911703748
8801911703749
8801911703750
8801911703751
8801911703752
8801911703753
8801911703754
8801911703755
8801911703756
8801911703757
8801911703758
8801911703759
8801911703760
8801911703761
8801911703762
8801911703763
8801911703764
8801911703765
8801911703766
8801911703767
8801911703768
8801911703769
8801911703770
8801911703771
8801911703772
8801911703773
8801911703774
8801911703775
8801911703776
8801911703777
8801911703778
8801911703779
8801911703780
8801911703781
8801911703782
8801911703783
8801911703784
8801911703785
8801911703786
8801911703787
8801911703788
8801911703789
8801911703790
8801911703791
8801911703792
8801911703793
8801911703794
8801911703795
8801911703796
8801911703797
8801911703798
8801911703799
8801911703800
8801911703801
8801911703802
8801911703803
8801911703804
8801911703805
8801911703806
8801911703807
8801911703808
8801911703809
8801911703810
8801911703811
8801911703812
8801911703813
8801911703814
8801911703815
8801911703816
8801911703817
8801911703818
8801911703819
8801911703820
8801911703821
8801911703822
8801911703823
8801911703824
8801911703825
8801911703826
8801911703827
8801911703828
8801911703829
8801911703830
8801911703831
8801911703832
8801911703833
8801911703834
8801911703835
8801911703836
8801911703837
8801911703838
8801911703839
8801911703840
8801911703841
8801911703842
8801911703843
8801911703844
8801911703845
8801911703846
8801911703847
8801911703848
8801911703849
8801911703850
8801911703851
8801911703852
8801911703853
8801911703854
8801911703855
8801911703856
8801911703857
8801911703858
8801911703859
8801911703860
8801911703861
8801911703862
8801911703863
8801911703864
8801911703865
8801911703866
8801911703867
8801911703868
8801911703869
8801911703870
8801911703871
8801911703872
8801911703873
8801911703874
8801911703875
8801911703876
8801911703877
8801911703878
8801911703879
8801911703880
8801911703881
8801911703882
8801911703883
8801911703884
8801911703885
8801911703886
8801911703887
8801911703888
8801911703889
8801911703890
8801911703891
8801911703892
8801911703893
8801911703894
8801911703895
8801911703896
8801911703897
8801911703898
8801911703899
8801911703900
8801911703901
8801911703902
8801911703903
8801911703904
8801911703905
8801911703906
8801911703907
8801911703908
8801911703909
8801911703910
8801911703911
8801911703912
8801911703913
8801911703914
8801911703915
8801911703916
8801911703917
8801911703918
8801911703919
8801911703920
8801911703921
8801911703922
8801911703923
8801911703924
8801911703925
8801911703926
8801911703927
8801911703928
8801911703929
8801911703930
8801911703931
8801911703932
8801911703933
8801911703934
8801911703935
8801911703936
8801911703937
8801911703938
8801911703939
8801911703940
8801911703941
8801911703942
8801911703943
8801911703944
8801911703945
8801911703946
8801911703947
8801911703948
8801911703949
8801911703950
8801911703951
8801911703952
8801911703953
8801911703954
8801911703955
8801911703956
8801911703957
8801911703958
8801911703959
8801911703960
8801911703961
8801911703962
8801911703963
8801911703964
8801911703965
8801911703966
8801911703967
8801911703968
8801911703969
8801911703970
8801911703971
8801911703972
8801911703973
8801911703974
8801911703975
8801911703976
8801911703977
8801911703978
8801911703979
8801911703980
8801911703981
8801911703982
8801911703983
8801911703984
8801911703985
8801911703986
8801911703987
8801911703988
8801911703989
8801911703990
8801911703991
8801911703992
8801911703993
8801911703994
8801911703995
8801911703996
8801911703997
8801911703998
8801911703999
8801911704000
8801911704001
8801911704002
8801911704003
8801911704004
8801911704005
8801911704006
8801911704007
8801911704008
8801911704009
8801911704010
8801911704011
8801911704012
8801911704013
8801911704014
8801911704015
8801911704016
8801911704017
8801911704018
8801911704019
8801911704020
8801911704021
8801911704022
8801911704023
8801911704024
8801911704025
8801911704026
8801911704027
8801911704028
8801911704029
8801911704030
8801911704031
8801911704032
8801911704033
8801911704034
8801911704035
8801911704036
8801911704037
8801911704038
8801911704039
8801911704040
8801911704041
8801911704042
8801911704043
8801911704044
8801911704045
8801911704046
8801911704047
8801911704048
8801911704049
8801911704050
8801911704051
8801911704052
8801911704053
8801911704054
8801911704055
8801911704056
8801911704057
8801911704058
8801911704059
8801911704060
8801911704061
8801911704062
8801911704063
8801911704064
8801911704065
8801911704066
8801911704067
8801911704068
8801911704069
8801911704070
8801911704071
8801911704072
8801911704073
8801911704074
8801911704075
8801911704076
8801911704077
8801911704078
8801911704079
8801911704080
8801911704081
8801911704082
8801911704083
8801911704084
8801911704085
8801911704086
8801911704087
8801911704088
8801911704089
8801911704090
8801911704091
8801911704092
8801911704093
8801911704094
8801911704095
8801911704096
8801911704097
8801911704098
8801911704099
8801911704100
8801911704101
8801911704102
8801911704103
8801911704104
8801911704105
8801911704106
8801911704107
8801911704108
8801911704109
8801911704110
8801911704111
8801911704112
8801911704113
8801911704114
8801911704115
8801911704116
8801911704117
8801911704118
8801911704119
8801911704120
8801911704121
8801911704122
8801911704123
8801911704124
8801911704125
8801911704126
8801911704127
8801911704128
8801911704129
8801911704130
8801911704131
8801911704132
8801911704133
8801911704134
8801911704135
8801911704136
8801911704137
8801911704138
8801911704139
8801911704140
8801911704141
8801911704142
8801911704143
8801911704144
8801911704145
8801911704146
8801911704147
8801911704148
8801911704149
8801911704150
8801911704151
8801911704152
8801911704153
8801911704154
8801911704155
8801911704156
8801911704157
8801911704158
8801911704159
8801911704160
8801911704161
8801911704162
8801911704163
8801911704164
8801911704165
8801911704166
8801911704167
8801911704168
8801911704169
8801911704170
8801911704171
8801911704172
8801911704173
8801911704174
8801911704175
8801911704176
8801911704177
8801911704178
8801911704179
8801911704180
8801911704181
8801911704182
8801911704183
8801911704184
8801911704185
8801911704186
8801911704187
8801911704188
8801911704189
8801911704190
8801911704191
8801911704192
8801911704193
8801911704194
8801911704195
8801911704196
8801911704197
8801911704198
8801911704199
8801911704200
8801911704201
8801911704202
8801911704203
8801911704204
8801911704205
8801911704206
8801911704207
8801911704208
8801911704209
8801911704210
8801911704211
8801911704212
8801911704213
8801911704214
8801911704215
8801911704216
8801911704217
8801911704218
8801911704219
8801911704220
8801911704221
8801911704222
8801911704223
8801911704224
8801911704225
8801911704226
8801911704227
8801911704228
8801911704229
8801911704230
8801911704231
8801911704232
8801911704233
8801911704234
8801911704235
8801911704236
8801911704237
8801911704238
8801911704239
8801911704240
8801911704241
8801911704242
8801911704243
8801911704244
8801911704245
8801911704246
8801911704247
8801911704248
8801911704249
8801911704250
8801911704251
8801911704252
8801911704253
8801911704254
8801911704255
8801911704256
8801911704257
8801911704258
8801911704259
8801911704260
8801911704261
8801911704262
8801911704263
8801911704264
8801911704265
8801911704266
8801911704267
8801911704268
8801911704269
8801911704270
8801911704271
8801911704272
8801911704273
8801911704274
8801911704275
8801911704276
8801911704277
8801911704278
8801911704279
8801911704280
8801911704281
8801911704282
8801911704283
8801911704284
8801911704285
8801911704286
8801911704287
8801911704288
8801911704289
8801911704290
8801911704291
8801911704292
8801911704293
8801911704294
8801911704295
8801911704296
8801911704297
8801911704298
8801911704299
8801911704300
8801911704301
8801911704302
8801911704303
8801911704304
8801911704305
8801911704306
8801911704307
8801911704308
8801911704309
8801911704310
8801911704311
8801911704312
8801911704313
8801911704314
8801911704315
8801911704316
8801911704317
8801911704318
8801911704319
8801911704320
8801911704321
8801911704322
8801911704323
8801911704324
8801911704325
8801911704326
8801911704327
8801911704328
8801911704329
8801911704330
8801911704331
8801911704332
8801911704333
8801911704334
8801911704335
8801911704336
8801911704337
8801911704338
8801911704339
8801911704340
8801911704341
8801911704342
8801911704343
8801911704344
8801911704345
8801911704346
8801911704347
8801911704348
8801911704349
8801911704350
8801911704351
8801911704352
8801911704353
8801911704354
8801911704355
8801911704356
8801911704357
8801911704358
8801911704359
8801911704360
8801911704361
8801911704362
8801911704363
8801911704364
8801911704365
8801911704366
8801911704367
8801911704368
8801911704369
8801911704370
8801911704371
8801911704372
8801911704373
8801911704374
8801911704375
8801911704376
8801911704377
8801911704378
8801911704379
8801911704380
8801911704381
8801911704382
8801911704383
8801911704384
8801911704385
8801911704386
8801911704387
8801911704388
8801911704389
8801911704390
8801911704391
8801911704392
8801911704393
8801911704394
8801911704395
8801911704396
8801911704397
8801911704398
8801911704399
8801911704400
8801911704401
8801911704402
8801911704403
8801911704404
8801911704405
8801911704406
8801911704407
8801911704408
8801911704409
8801911704410
8801911704411
8801911704412
8801911704413
8801911704414
8801911704415
8801911704416
8801911704417
8801911704418
8801911704419
8801911704420
8801911704421
8801911704422
8801911704423
8801911704424
8801911704425
8801911704426
8801911704427
8801911704428
8801911704429
8801911704430
8801911704431
8801911704432
8801911704433
8801911704434
8801911704435
8801911704436
8801911704437
8801911704438
8801911704439
8801911704440
8801911704441
8801911704442
8801911704443
8801911704444
8801911704445
8801911704446
8801911704447
8801911704448
8801911704449
8801911704450
8801911704451
8801911704452
8801911704453
8801911704454
8801911704455
8801911704456
8801911704457
8801911704458
8801911704459
8801911704460
8801911704461
8801911704462
8801911704463
8801911704464
8801911704465
8801911704466
8801911704467
8801911704468
8801911704469
8801911704470
8801911704471
8801911704472
8801911704473
8801911704474
8801911704475
8801911704476
8801911704477
8801911704478
8801911704479
8801911704480
8801911704481
8801911704482
8801911704483
8801911704484
8801911704485
8801911704486
8801911704487
8801911704488
8801911704489
8801911704490
8801911704491
8801911704492
8801911704493
8801911704494
8801911704495
8801911704496
8801911704497
8801911704498
8801911704499
8801911704500
8801911704501
8801911704502
8801911704503
8801911704504
8801911704505
8801911704506
8801911704507
8801911704508
8801911704509
8801911704510
8801911704511
8801911704512
8801911704513
8801911704514
8801911704515
8801911704516
8801911704517
8801911704518
8801911704519
8801911704520
8801911704521
8801911704522
8801911704523
8801911704524
8801911704525
8801911704526
8801911704527
8801911704528
8801911704529
8801911704530
8801911704531
8801911704532
8801911704533
8801911704534
8801911704535
8801911704536
8801911704537
8801911704538
8801911704539
8801911704540
8801911704541
8801911704542
8801911704543
8801911704544
8801911704545
8801911704546
8801911704547
8801911704548
8801911704549
8801911704550
8801911704551
8801911704552
8801911704553
8801911704554
8801911704555
8801911704556
8801911704557
8801911704558
8801911704559
8801911704560
8801911704561
8801911704562
8801911704563
8801911704564
8801911704565
8801911704566
8801911704567
8801911704568
8801911704569
8801911704570
8801911704571
8801911704572
8801911704573
8801911704574
8801911704575
8801911704576
8801911704577
8801911704578
8801911704579
8801911704580
8801911704581
8801911704582
8801911704583
8801911704584
8801911704585
8801911704586
8801911704587
8801911704588
8801911704589
8801911704590
8801911704591
8801911704592
8801911704593
8801911704594
8801911704595
8801911704596
8801911704597
8801911704598
8801911704599
8801911704600
8801911704601
8801911704602
8801911704603
8801911704604
8801911704605
8801911704606
8801911704607
8801911704608
8801911704609
8801911704610
8801911704611
8801911704612
8801911704613
8801911704614
8801911704615
8801911704616
8801911704617
8801911704618
8801911704619
8801911704620
8801911704621
8801911704622
8801911704623
8801911704624
8801911704625
8801911704626
8801911704627
8801911704628
8801911704629
8801911704630
8801911704631
8801911704632
8801911704633
8801911704634
8801911704635
8801911704636
8801911704637
8801911704638
8801911704639
8801911704640
8801911704641
8801911704642
8801911704643
8801911704644
8801911704645
8801911704646
8801911704647
8801911704648
8801911704649
8801911704650
8801911704651
8801911704652
8801911704653
8801911704654
8801911704655
8801911704656
8801911704657
8801911704658
8801911704659
8801911704660
8801911704661
8801911704662
8801911704663
8801911704664
8801911704665
8801911704666
8801911704667
8801911704668
8801911704669
8801911704670
8801911704671
8801911704672
8801911704673
8801911704674
8801911704675
8801911704676
8801911704677
8801911704678
8801911704679
8801911704680
8801911704681
8801911704682
8801911704683
8801911704684
8801911704685
8801911704686
8801911704687
8801911704688
8801911704689
8801911704690
8801911704691
8801911704692
8801911704693
8801911704694
8801911704695
8801911704696
8801911704697
8801911704698
8801911704699
8801911704700
8801911704701
8801911704702
8801911704703
8801911704704
8801911704705
8801911704706
8801911704707
8801911704708
8801911704709
8801911704710
8801911704711
8801911704712
8801911704713
8801911704714
8801911704715
8801911704716
8801911704717
8801911704718
8801911704719
8801911704720
8801911704721
8801911704722
8801911704723
8801911704724
8801911704725
8801911704726
8801911704727
8801911704728
8801911704729
8801911704730
8801911704731
8801911704732
8801911704733
8801911704734
8801911704735
8801911704736
8801911704737
8801911704738
8801911704739
8801911704740
8801911704741
8801911704742
8801911704743
8801911704744
8801911704745
8801911704746
8801911704747
8801911704748
8801911704749
8801911704750
8801911704751
8801911704752
8801911704753
8801911704754
8801911704755
8801911704756
8801911704757
8801911704758
8801911704759
8801911704760
8801911704761
8801911704762
8801911704763
8801911704764
8801911704765
8801911704766
8801911704767
8801911704768
8801911704769
8801911704770
8801911704771
8801911704772
8801911704773
8801911704774
8801911704775
8801911704776
8801911704777
8801911704778
8801911704779
8801911704780
8801911704781
8801911704782
8801911704783
8801911704784
8801911704785
8801911704786
8801911704787
8801911704788
8801911704789
8801911704790
8801911704791
8801911704792
8801911704793
8801911704794
8801911704795
8801911704796
8801911704797
8801911704798
8801911704799
8801911704800
8801911704801
8801911704802
8801911704803
8801911704804
8801911704805
8801911704806
8801911704807
8801911704808
8801911704809
8801911704810
8801911704811
8801911704812
8801911704813
8801911704814
8801911704815
8801911704816
8801911704817
8801911704818
8801911704819
8801911704820
8801911704821
8801911704822
8801911704823
8801911704824
8801911704825
8801911704826
8801911704827
8801911704828
8801911704829
8801911704830
8801911704831
8801911704832
8801911704833
8801911704834
8801911704835
8801911704836
8801911704837
8801911704838
8801911704839
8801911704840
8801911704841
8801911704842
8801911704843
8801911704844
8801911704845
8801911704846
8801911704847
8801911704848
8801911704849
8801911704850
8801911704851
8801911704852
8801911704853
8801911704854
8801911704855
8801911704856
8801911704857
8801911704858
8801911704859
8801911704860
8801911704861
8801911704862
8801911704863
8801911704864
8801911704865
8801911704866
8801911704867
8801911704868
8801911704869
8801911704870
8801911704871
8801911704872
8801911704873
8801911704874
8801911704875
8801911704876
8801911704877
8801911704878
8801911704879
8801911704880
8801911704881
8801911704882
8801911704883
8801911704884
8801911704885
8801911704886
8801911704887
8801911704888
8801911704889
8801911704890
8801911704891
8801911704892
8801911704893
8801911704894
8801911704895
8801911704896
8801911704897
8801911704898
8801911704899
8801911704900
8801911704901
8801911704902
8801911704903
8801911704904
8801911704905
8801911704906
8801911704907
8801911704908
8801911704909
8801911704910
8801911704911
8801911704912
8801911704913
8801911704914
8801911704915
8801911704916
8801911704917
8801911704918
8801911704919
8801911704920
8801911704921
8801911704922
8801911704923
8801911704924
8801911704925
8801911704926
8801911704927
8801911704928
8801911704929
8801911704930
8801911704931
8801911704932
8801911704933
8801911704934
8801911704935
8801911704936
8801911704937
8801911704938
8801911704939
8801911704940
8801911704941
8801911704942
8801911704943
8801911704944
8801911704945
8801911704946
8801911704947
8801911704948
8801911704949
8801911704950
8801911704951
8801911704952
8801911704953
8801911704954
8801911704955
8801911704956
8801911704957
8801911704958
8801911704959
8801911704960
8801911704961
8801911704962
8801911704963
8801911704964
8801911704965
8801911704966
8801911704967
8801911704968
8801911704969
8801911704970
8801911704971
8801911704972
8801911704973
8801911704974
8801911704975
8801911704976
8801911704977
8801911704978
8801911704979
8801911704980
8801911704981
8801911704982
8801911704983
8801911704984
8801911704985
8801911704986
8801911704987
8801911704988
8801911704989
8801911704990
8801911704991
8801911704992
8801911704993
8801911704994
8801911704995
8801911704996
8801911704997
8801911704998
8801911704999
8801911705000
8801911705001
8801911705002
8801911705003
8801911705004
8801911705005
8801911705006
8801911705007
8801911705008
8801911705009
8801911705010
8801911705011
8801911705012
8801911705013
8801911705014
8801911705015
8801911705016
8801911705017
8801911705018
8801911705019
8801911705020
8801911705021
8801911705022
8801911705023
8801911705024
8801911705025
8801911705026
8801911705027
8801911705028
8801911705029
8801911705030
8801911705031
8801911705032
8801911705033
8801911705034
8801911705035
8801911705036
8801911705037
8801911705038
8801911705039
8801911705040
8801911705041
8801911705042
8801911705043
8801911705044
8801911705045
8801911705046
8801911705047
8801911705048
8801911705049
8801911705050
8801911705051
8801911705052
8801911705053
8801911705054
8801911705055
8801911705056
8801911705057
8801911705058
8801911705059
8801911705060
8801911705061
8801911705062
8801911705063
8801911705064
8801911705065
8801911705066
8801911705067
8801911705068
8801911705069
8801911705070
8801911705071
8801911705072
8801911705073
8801911705074
8801911705075
8801911705076
8801911705077
8801911705078
8801911705079
8801911705080
8801911705081
8801911705082
8801911705083
8801911705084
8801911705085
8801911705086
8801911705087
8801911705088
8801911705089
8801911705090
8801911705091
8801911705092
8801911705093
8801911705094
8801911705095
8801911705096
8801911705097
8801911705098
8801911705099
8801911705100
8801911705101
8801911705102
8801911705103
8801911705104
8801911705105
8801911705106
8801911705107
8801911705108
8801911705109
8801911705110
8801911705111
8801911705112
8801911705113
8801911705114
8801911705115
8801911705116
8801911705117
8801911705118
8801911705119
8801911705120
8801911705121
8801911705122
8801911705123
8801911705124
8801911705125
8801911705126
8801911705127
8801911705128
8801911705129
8801911705130
8801911705131
8801911705132
8801911705133
8801911705134
8801911705135
8801911705136
8801911705137
8801911705138
8801911705139
8801911705140
8801911705141
8801911705142
8801911705143
8801911705144
8801911705145
8801911705146
8801911705147
8801911705148
8801911705149
8801911705150
8801911705151
8801911705152
8801911705153
8801911705154
8801911705155
8801911705156
8801911705157
8801911705158
8801911705159
8801911705160
8801911705161
8801911705162
8801911705163
8801911705164
8801911705165
8801911705166
8801911705167
8801911705168
8801911705169
8801911705170
8801911705171
8801911705172
8801911705173
8801911705174
8801911705175
8801911705176
8801911705177
8801911705178
8801911705179
8801911705180
8801911705181
8801911705182
8801911705183
8801911705184
8801911705185
8801911705186
8801911705187
8801911705188
8801911705189
8801911705190
8801911705191
8801911705192
8801911705193
8801911705194
8801911705195
8801911705196
8801911705197
8801911705198
8801911705199
8801911705200
8801911705201
8801911705202
8801911705203
8801911705204
8801911705205
8801911705206
8801911705207
8801911705208
8801911705209
8801911705210
8801911705211
8801911705212
8801911705213
8801911705214
8801911705215
8801911705216
8801911705217
8801911705218
8801911705219
8801911705220
8801911705221
8801911705222
8801911705223
8801911705224
8801911705225
8801911705226
8801911705227
8801911705228
8801911705229
8801911705230
8801911705231
8801911705232
8801911705233
8801911705234
8801911705235
8801911705236
8801911705237
8801911705238
8801911705239
8801911705240
8801911705241
8801911705242
8801911705243
8801911705244
8801911705245
8801911705246
8801911705247
8801911705248
8801911705249
8801911705250
8801911705251
8801911705252
8801911705253
8801911705254
8801911705255
8801911705256
8801911705257
8801911705258
8801911705259
8801911705260
8801911705261
8801911705262
8801911705263
8801911705264
8801911705265
8801911705266
8801911705267
8801911705268
8801911705269
8801911705270
8801911705271
8801911705272
8801911705273
8801911705274
8801911705275
8801911705276
8801911705277
8801911705278
8801911705279
8801911705280
8801911705281
8801911705282
8801911705283
8801911705284
8801911705285
8801911705286
8801911705287
8801911705288
8801911705289
8801911705290
8801911705291
8801911705292
8801911705293
8801911705294
8801911705295
8801911705296
8801911705297
8801911705298
8801911705299
8801911705300
8801911705301
8801911705302
8801911705303
8801911705304
8801911705305
8801911705306
8801911705307
8801911705308
8801911705309
8801911705310
8801911705311
8801911705312
8801911705313
8801911705314
8801911705315
8801911705316
8801911705317
8801911705318
8801911705319
8801911705320
8801911705321
8801911705322
8801911705323
8801911705324
8801911705325
8801911705326
8801911705327
8801911705328
8801911705329
8801911705330
8801911705331
8801911705332
8801911705333
8801911705334
8801911705335
8801911705336
8801911705337
8801911705338
8801911705339


























8801911705340