8801711072118
8801971540596
8801731907712
8801727601572
8801713414299
8801732341114
8801713046422
8801711080877
8801819210793
8801714561338
8801671921734
8801713016431
8801730318800
8801912256665
8801713019030
8801711636535
8801711503162
8801819227105
8801710839227
8801730098088
8801711568182
8801552379833
8801711404621
8801714038098
8801610004999
8801713246685
8801824707422
8801713109319
8801712929402
8801711566019
8801712504455
8801711503163
8801711537571
8801731934730
8801713017742
8801717429904
8801711526936
8801711520484
8801911335618
8801916857885
8801711527428
8801711500009
8801715212790
8801743181085
8801915646559
8801966336633
8801614169852
8801734865400
8801713009988
8801926662220
8801819286562
8801914499949
8801819225885
8801819240525
8801715026928
8801717311562
8801716314539
8801715494918
8801711547788
8801714097791
8801713303040
8801730342496
8801610101111
8801678062814
8801715244291
8801817047195
8801713084444
8801912757966
8801741219624
8801712128749
8801841765765
8801924788444
8801726740829
8801817184038
8801919372647
8801729275126
8801611699858
8801711381401
8801717043963
8801711526326
8801711505436
8801670811382
8801926020202
8801715000695
8801711564686
8801711081581
8801715702278
8801713065511
8801677127280
8801711523589
8801715011210
8801730332893
8801713009090
8801819226213
8801711594381
8801915560956
8801711596007
8801711623915
8801754242567
8801711521170
8801713201866
8801619229243
8801719429321
8801733983763
8801716895288
8801712992099
8801713451888
8801713244695
8801758492967
8801713076576
8801711595775
8801966885114
8801711867589
8801715582862
8801819210954
8801711623918
8801613049671
8801711521171
8801913074508
8801713030536
8801730007621
8801711563005
8801775903994
8801714093361
8801713091802
8801819210099
8801716040748
8801611244588
8801711061051
8801712992059
8801711528011
8801747579955
8801911385284
8801678151355
8801749763403
8801713230071
8801713456410
8801715333184
8801675699750
8801713090329
8801711664664
8801753554452
8801819255255
8801730356773
8801726337867
8801733969793
8801711520990
8801819240743
8801732090937
8801711540911
8801819219960
8801711594634
8801749200546
8801676080018
8801920126248
8801747226493
8801713131657
8801711560918
8801711501000
8801730327000
8801713093375
8801911489585
8801711432211
8801919999971
8801671964686
8801916629999
8801819403202
8801556312737
8801819210014
8801817031017
8801914955932
8801711546688
8801713020840
8801613384191
8801730343749
8801712059359
8801749700800
8801717225039
8801713149924
8801711375257
8801727777496
8801711549555
8801713332650
8801745778885
8801615077907
8801726179749
8801918921961
8801819224422
8801715052392
8801611327923
8801711285237
8801712810031
8801713187777
8801676767843
8801713330100
8801923955129
8801715020060
8801819210016
8801615777777
8801711617858
8801711596999
8801817048607
8801748910147
8801675582742
8801713424286
8801711963832
8801552332908
8801711688596
8801715406008
8801713014964
8801911310073
8801819212672
8801715028082
8801713019446
8801715581047
8801711500919
8801911386983
8801711380982
8801750040991
8801715458821
8801714097429
8801711560132
8801713081727
8801730013823
8801711521766
8801713014572
8801711958811
8801726332145
8801713367799
8801713149928
8801711593214
8801922110991
8801711533667
8801811483456
8801711540282
8801737886272
8801610009003
8801552202750
8801714110611
8801819228191
880174004970
8801711623102
8801715840112
8801711677773
8801818215871
8801675783993
8801713255001
8801713049802
8801914127492
8801711864333
880191998888
8801713107333
8801713149966
8801830057890
8801840386776
8801911353663
8801922110990
8801711525091
8801712181761
8801730441302
8801811420030
8801713116241
8801711538170
8801711525912
8801755290900
8801730003322
8801711539919
8801913034667
8801817181452
8801911303060
8801716989738
8801713120780
8801819225593
8801729070078
8801711594459
8801671198511
8801972346242
8801713000707
8801678035657
8801749616219
8801711538421
8801713368843
8801819234777
8801713043187
8801711486629
8801713012233
8801716380221
8801819201579
8801670109875
8801676235986
8801819213520
8801711521964
8801715842996
8801713038588
8801713041381
8801712911221
8801711678330
8801912208111
8801713303233
8801819321707
8801711372647
8801727306479
8801715547088
8801711546765
8801819239341
8801711537127
8801714040668
8801747946554
8801613696969
8801713377810
8801911777877
8801730701703
8801977110212
8801712656229
8801911310704
8801678612008
8801756308924
8801758575652
8801736614680
8801552361051
8801711456270
8801713203502
8801711522597
8801552480733
8801727105197
8801733538281
8801714092649
8801923851214
8801713308888
8801714178460
8801733597359
8801911388888
8801713542051
8801717156619
8801715022658
8801713011391
8801711329188
8801612455800
8801711500333
8801746710144
8801745491190
8801711826125
8801680186306
8801730428128
8801912706683
8801713067810
8801730000492
8801913526305
8801713043602
8801819741439
8801727679113
8801678010975
8801678004462
8801713014140
8801552410900
8801730077577
8801711534139
8801928130886
8801751588566
8801926930003
8801713458653
8801730317365
8801713373159
8801678620101
8801819328932
8801757327616
8801610001111
8801727291301
8801671496315
8801732500500
8801711549999
8801817530559
8801715134329
8801711505804
8801199883377
8801713015640
8801711538818
8801711100040
8801711540023
8801711521066
8801730334690
8801730056316
8801712197345
8801675454072
8801675759670
8801766194671
8801713033336
8801713145882
8801852022222
8801713016579
8801711826806
8801819401447
8801730713954
8801713032963
8801617800400
8801711520047
8801715175288
8801912236573
8801713314978
8801713000198
8801811410111
8801711163927
8801823211175
8801713081200
8801711080380
8801711623911
8801715022628
8801731341020
8801717753432
8801730054407
8801732235220
8801713067590
8801711563700
8801711506070
8801741120389
8801729275123
8801915859805
8801720910745
8801713146830
8801710208884
8801741499661
8801715078522
8801711144179
8801711531994
8801670256484
8801737882244
8801712587758
8801741195377
8801730001814
8801713046263
8801717573268
8801711505433
8801713001228
8801715035741
8801811010901
8801711454850
8801914890930
8801711614724
8801716087112
8801714085888
8801917710202
8801915484965
8801683065795
8801922110955
8801730089131
8801819238483
8801712595499
8801713038396
8801711593401
8801911350526
8801715285087
8801730048550
8801819211602
8801911317555
8801711563601
8801711541443
8801749880395
8801713000242
8801711561861
8801713010666
8801713015413
8801819296765
8801713486687
8801713008862
8801610006191
8801711521696
8801816757497
8801920972638
8801733955262
8801720304140
8801714134000
8801711178663
8801818238474
8801766196257
8801713480894
8801711567069
8801611440632
8801911043930
8801822288505
8801912130247
8801671637822
8801755542993
8801711082212
8801713006161
8801711568600
8801716444182
8801756301262
8801819215349
8801932065963
8801713234456
8801713105060
8801711594177
8801911349012
8801819196304
8801713004491
8801915133365
8801713019261
8801711035056
8801841321321
8801720829259
8801754315260
8801611977056
8801713862363
8801916100018
8801716606261
8801711357577
8801713043003
8801733762801
8801754449857
8801713423601
8801712805646
8801712736650
8801819493021
8801711540560
8801764402102
8801711679797
8801713004617
8801730330955
8801911325742
8801712009726
8801711592106
8801819243935
8801819224124
8801711500517
8801731802888
8801819219285
8801720013752
8801712779074
8801730098875
8801713012459
8801713015857
8801817040855
8801730437265
8801711543378
8801741140041
8801711507414
8801713214730
8801727549673
8801711531723
8801915148322
8801711530282
8801610002042
8801741580273
8801819273000
8801713060822
8801713001146
8801748717180
8801711630932
8801717309638
8801713364944
8801711535966
8801713042474
8801814875297
8801711503787
8801715013137
8801713424254
8801732675989
8801713201859
8801713043722
8801712316197
8801715086589
8801819250250
8801612742542
8801711262300
8801819210871
8801976427227
8801711600003
8801711567328
8801711562999
8801713187780
8801720592737
8801747811004
8801722233158
8801713928204
8801711520138
8801713188910
8801710075959
8801730312582
8801730004721
8801911426105
8801746176969
8801730058920
8801741474547
8801912225511
8801772154217
8801711437050
8801916100794
8801713061542
8801713044933
8801937768706
8801911310100
8801819407874
8801714171166
8801713205927
8801730004720
8801713047745
8801720341696
8801711154624
8801730329425
8801713000530
8801756030151
8801912257180
8801675470883
8801817080711
8801617441222
8801713007999
8801711595656
8801716849482
8801711529370
8801711505844
8801711540343
8801819218834
8801755540111
8801730711583
8801914100500
8801713044303
8801719189456
8801976000600
8801713450728
8801713400707
8801714075485
8801730004722
8801711504069
8801713034346
8801819210836
8801711748748
8801711623532
8801911355237
8801713000499
8801713187784
8801713162178
8801819241944
8801713014472
8801834877299
8801711826160
8801671193789
8801617143570
8801711560607
8801814666666
8801731910772
8801719095767
8801711505424
8801713201857
8801711567299
8801911310199
8801711204538
8801711976119
8801817045296
8801979226227
8801915482218
8801715000616
8801911751511
8801913596948
8801713304440
8801711688290
8801726190515
8801819311728
8801717656184
8801711591282
8801911310087
8801717176162
8801711875431
8801711153595
8801711505532
8801755618541
8801672423322
8801714007575
8801711566944
8801710956483
8801713461266
8801613142848
8801612967945
8801715219809
8801713122389
8801732225527
8801711505051
8801713035847
8801917409695
8801711153594
8801711520131
8801710534834
8801713204764
8801711534362
8801711565566
8801716556130
8801742505099
8801711952470
8801711505800
8801730001600
8801713008738
8801715041825
8801711355747
8801713331333
8801730333464
8801819210600
8801726411663
8801918757575
8801670704624
8801711520653
8801731670063
8801730051245
8801713015531
8801729090570
8801819214486
8801711057654
8801710830463
8801719032396
8801711591569
8801711676767
8801757122171
8801711561587
8801922599045
8801712099872
8801711350043
8801711520080
8801750138802
8801713146752
8801817088203
8801717829308
8801730446225
8801742255275
8801712620216
8801713082040
8801552325592
8801711345770
8801716023694
8801552202725
8801722988950
8801819412192
8801675299982
8801711545477
8801713068033
8801713120932
8801713187739
8801911659046
8801763723450
8801678324725
8801678010739
8801711029112
8801713080125
8801715033777
8801713081960
8801938659353
8801711500227
8801678067973
8801726487650
8801199770077
8801613372792
8801914201003
8801727328969
8801714001000
8801711435867
8801713035647
8801913666073
8801711600333
8801711828352
8801730012541
8801713042137
8801671023676
8801729227711
8801711809027
8801822895573
8801819251425
8801819227044
8801976672115
8801840077742
8801670243278
8801713456715
8801678000820
8801911343003
8801713160428
8801715495385
8801718228830
8801913485582
8801819559655
8801712963345
8801713002511
8801711527439
8801747441222
8801713304499
8801730056300
8801715286444
8801713016730
8801727328179
8801712539616
8801199800543
8801747363381
8801973015413
8801730707948
8801678002120
8801673918512
8801911310781
8801713123665
8801752727067
8801911222926
8801711229243
8801819229045
8801935468435
8801713064254
8801714164460
8801841959595
8801714096081
8801713001998
8801552491534
8801713044575
8801713372756
8801714020711
8801758481150
8801740629711
8801921455800
8801718526339
8801976672056
8801919033607
8801923852017
8801710898503
8801732046970
8801730317356
8801675563263
8801718229966
8801713461472
8801819454997
8801819551527
8801730343841
8801712294828
8801613022843
8801733605797
8801711536880
8801673787698
8801914001010
8801819219855
8801713015633
8801911366354
8801716316941
8801714143514
8801926673032
8801743486460
8801730013432
8801713069134
8801819154227
8801713246431
8801754455599
8801711523910
8801713164500
8801757620610
8801713396646
8801730066315
8801711534999
8801713031718
8801716350864
8801711595361
8801730328820
8801817141865
8801714266192
8801912211104
8801711850721
8801819310786
8801764000246
8801713018454
8801713174254
8801715103485
8801714011842
8801936307976
8801711548355
8801711539911
8801715279967
8801714715101
8801713031691
8801716458828
8801713036844
8801670867668
8801713177347
8801713093123
8801729076953
8801971210252
8801711594559
8801729250802
8801919275055
8801730714349
8801720982929
8801926020000
8801713039666
8801711437426
8801741119969
8801711702228
8801713093654
8801913638871
8801727145092
880173006506
8801730329588
8801710246490
8801712592220
8801711543060
8801711538092
8801730328821
8801713036087
8801671115487
8801819291666
8801715544111
8801730450011
8801713039536
8801726266452
8801714178155
8801715113505
8801730344026
8801713014822
8801713016471
8801617641541
8801713332607
8801713015803
8801730017387
8801819248393
8801815003688
8801715016491
8801713044713
8801713147834
8801713001541
8801841047912
8801819882545
8801925632297
8801713007575
8801713332935
8801712039166
8801711564672
8801755551763
8801711080636
8801713457813
8801713186159
8801713450597
8801611522975
8801711596333
8801730052098
8801727265511
8801713019161
8801199800110
8801713063422
8801711521324
8801758505222
8801713333150
8801730017382
8801710838795
8801727208881
8801729295271
8801730097688
8801714117733
8801914900800
8801673888888
8801730097913
8801611054001
8801711037621
8801678000090
8801713002808
8801819153623
8801730727171
8801716637547
8801817101163
8801711083081
8801713009235
8801914099509
8801711540464
8801731384180
8801711597333
8801738364453
8801817181481
8801827512923
8801730057768
8801911448609
8801742710309
8801730711742
8801811419456
8801915552014
8801610920924
8801730097687
8801712193596
8801811419455
8801715026019
8801754755519
8801729097073
8801711900092
8801715461249
8801977340881
8801713802888
8801711566667
880171642333
8801552374037
8801830164369
8801711597949
8801713007417
8801534328168
8801715004173
8801717547363
8801711547142
8801772280066
8801713015168
8801730318888
8801711532688
8801724800222
8801817034481
8801711564499
8801819135386
8801552202926
8801715062929
8801713040303
8801711526179
8801711626532
8801713149666
8801716701588
8801819243383
8801914088093
8801711530790
8801912207111
8801713047710
8801754977759
8801714016029
8801711595662
8801819230000
8801913526380
8801711562131
8801713001212
8801617074176
8801730068692
8801711542951
8801730707199
8801673464185
8801670555055
8801731928728
8801712511101
8801713035179
8801730088544
8801926633851
8801714179853
8801712603444
8801713396670
8801911310098
8801711478397
8801819211787
8801727292518
8801912311255
8801731914097
8801713161218
8801730004712
8801711623872
8801711979873
8801713093355
8801191328881
8801819210077
8801613023939
8801711427725
8801674542424
8801819212820
8801716215534
8801711361245
8801711542840
8801918952383
8801820329239
8801927213329
8801711684203
8801817184440
8801711596566
8801911310644
8801755521818
8801670885060
8801924075191
8801717521970
8801715131464
8801678633313
8801713011510
8801713013130
8801756966682
8801710930867
8801979200600
8801729220110
8801715490876
8801717061945
8801611456732
8801911310095
8801738300277
8801711537474
8801720022222
8801713004637
8801819218376
8801711819526
8801713171717
8801712555666
8801713060611
8801711536084
8801711541214
8801811422217
8801711565555
8801713014373
8801711537895
8801819292639
8801713063380
8801713032623
8801913999333
8801730332500
8801674471203
8801713067533
8801769013066
8801713017979
8801713041473
8801711505040
8801713081819
8801713001807
8801711566071
8801713003344
8801713061000
8801714108106
8801713027425
8801819220670
8801674627956
8801611535500
8801730323546
8801817047177
8801714134397
8801712083701
8801730332501
8801741330166
8801722478563
8801713018317
8801730021608
8801715012500
8801674525117
8801911629558
8801711596025
8801713311155
8801911545667
8801819967393
8801730025076
8801711532872
8801713468888
8801714161105
8801711362326
8801716266188
8801730332503
8801717306053
8801713081973
8801713409119
8801713046126
8801713187795
8801713061808
8801713013014
8801915472740
8801711540337
8801713046744
8801731767637
8801711546847
8801712210761
8801615678678
8801729223909
8801711522000
8801613047932
8801714258955
8801713456726
8801819217814
8801711595302
8801711698050
8801711430324
8801711685668
8801712299055
8801914014405
8801713338016
8801552202734
8801716939850
8801711817691
8801715059839
8801711506837
8801711540113
8801678002117
8801917711811
8801919779977
8801711365451
8801915472700
8801730356421
8801713014989
8801916100566
8801711532177
8801711590266
8801913531423
8801716816320
8801711612362
8801720571374
8801713031422
8801713032380
8801912000210
8801711506238
8801819558940
8801819216000
8801711528071
8801713063886
8801915775537
8801715109004
8801711535017
8801730332851
8801730012576
8801711595514
8801711425221
8801811408258
8801711506908
8801722327212
8801716418090
8801711520466
8801715258935
8801911583911
8801811003399
8801730317801
8801911310275
8801713129549
8801713038659
8801675384557
8801713195648
8801713082115
8801715520962
8801726174064
8801819214166
8801911368888
8801917702181
8801711081005
8801911310053
8801711521197
8801716944830
8801711547571
8801917707798
8801711505874
8801555022258
8801914373351
8801763771752
8801817044815
8801713146780
8801711812558
8801713038140
8801819185449
8801713009891
8801713067606
8801730041449
880176809166
8801715003617
8801711546794
8801711682324
8801711529015
8801714290996
8801912257021
8801713015671
8801714169852
8801914499966
8801711523134
8801712554992
8801711529019
8801711842256
8801711505876
8801712889845
8801713082767
8801917707705
8801730004715
8801713396634
8801552202732
8801713080080
8801713031117
8801617117701
8801711538939
8801730045064
8801971565656
8801711503484
8801713197666
8801711524030
8801670070077
8801713403611
8801912173083
8801713015272
8801673886788
8801713401994
8801711546007
8801911350260
8801911353899
8801715048138
8801552319870
8801711506407
8801714007360
8801711525820
8801714078732
8801713003416
8801713415683
8801552317000
8801911495117
8801716118351
8801713069033
8801611565758
8801711526568
8801713363417
8801675667474
8801712908655
8801915118312
8801711080964
8801713185279
8801730059392
8801711680000
8801676152626
8801730327672
8801711527479
8801914746721
8801711540585
8801713015548
8801711343637
8801762040499
8801713040698
8801713046816
8801715015419
8801713129603
8801730327887
8801726793355
8801711361361
8801841630983
8801729292965
8801671069275
8801713002092
8801732202220
8801730303342
8801840776872
8801730310252
8801726202064
8801711523301
8801737249792
8801715235368
8801711592915
8801754079265
8801713067617
8801713033425
8801712640740
8801713036960
8801713415686
8801713193200
8801720205191
8801716801144
8801970070070
8801726476439
8801711538969
8801711568011
8801713375101
8801713041954
8801713017686
8801730089051
8801711137192
8801713065465
8801672511097
8801714143503
8801912257014
8801617231188
8801711523303
8801713453607
8801713385026
8801710007649
8801711541994
8801926672000
8801912100200
8801711083053
8801713004523
8801730330937
8801713049596
8801722066841
8801751597401
8801915447502
8801756709877
8801712094552
8801613728827
8801730328838
8801711646462
8801916166570
8801711535853
8801717308736
8801711081265
8801712190626
8801717562713
8801721834325
8801819243052
8801713084317
8801715038955
8801819322291
8801712563671
8801713000732
8801819211230
8801713480558
8801713001247
8801713078439
8801911387029
8801741331754
8801911310608
8801819220234
8801819272124
8801713043402
8801713030910
8801715822762
8801711082688
8801713336330
8801715039351
8801713019999
8801713095978
8801713080036
8801726427107
8801613027425
8801819251066
8801670999000
8801713190031
8801912227101
8801611112222
8801713017362
8801731494167
8801819212601
8801714225555
8801674517986
8801732764477
8801913631090
8801960070070
8801730006578
8801715407073
8801711595965
8801711651200
8801719614606
8801717743561
8801711080859
8801674413288
8801757040713
8801672729974
8801937404953
8801714041392
8801713004060
8801730739564
8801766924706
8801683108843
8801713068123
8801714446123
8801713061701
8801713309909
8801713375103
8801730333030
8801713043122
8801678128063
8801711537217
8801713049655
8801678160160
8801726915962
8801911207160
8801919500314
8801745993431
8801742710433
8801711541104
8801711901568
8801819251919
8801819282683
8801730701838
8801713143018
8801714277411
8801819555972
8801722160201
8801841303162
8801717956595
8801711507971
8801751597947
880191220711
8801713243804
8801732226686
8801733515688
8801719313301
8801711541822
8801912100700
8801711561128
8801711535454
8801712019883
8801819555971
8801747811160
8801730323010
8801614555555
8801711500640
8801726766760
8801717386363
8801819215741
8801720280219
8801911318737
8801713174411
8801730303628
8801811999604
8801674880069
8801711623156
8801674888833
8801819212229
8801811421057
8801711621143
8801725738570
8801713062465
8801730336600
8801715967076
8801822828227
8801711562656
8801713396676
8801715823456
8801714003388
8801715440463
8801923965411
8801713007979
8801713043495
8801911917285
8801711566700
8801914007252
8801732953322
8801611720755
8801713010287
8801713380016
8801670100001
8801815160090
8801713082819
8801819218924
8801711109609
8801817181240
8801711503872
8801712876002
8801713113272
8801713002220
8801711563309
8801817000056
8801715022133
8801819228579
8801711197356
8801715050715
8801713140601
8801911346104
8801713039961
8801711705511
8801711593510
8801673370295
8801711179260
8801711564600
8801747793880
8801913531580
8801713016389
8801922526620
8801715069505
8801613479644
8801671355238
8801678200268
8801550155050
8801713048966
8801817638829
8801822918857
8801711541525
8801819239933
8801711560318
8801730727778
8801819225511
8801716125650
8801817143001
8801713001700
8801713000362
8801912257604
8801713033166
8801716378405
8801730077663
8801715778633
8801713018955
8801979114910
8801715526986
8801727346328
8801711566850
8801713078441
8801819210989
8801817180007
8801730324359
8801730069447
8801711801074
8801713014674
8801730044774
8801912064416
8801825862863
8801717094036
8801713014561
8801711081356
8801754209248
8801977888844
8801614427374
8801610001974
8801912004898
8801819223400
8801713047011
8801731817156
8801715012370
8801816060807
8801730727776
8801819216359
8801974440222
8801670196981
8801716790247
8801713246674
8801711815350
8801711314037
8801713399972
8801616030382
8801674534289
8801713044217
8801713047010
8801913470474
8801819229700
8801678001576
8801713256909
8801733992200
8801711057986
8801819244218
8801714079046
8801716671521
8801747504772
8801729073886
8801819226930
8801715127380
8801817184022
8801720066997
8801713035970
8801911481923
8801711564910
8801711810122
8801716460127
8801918181743
8801912153251
8801920475713
8801824118118
8801714243240
8801715004777
8801713396789
8801819243314
8801711531001
8801713107767
8801716351670
8801720939793
8801713176001
8801819491016
8801713062483
8801678136539
8801711548599
8801730442169
8801914099700
8801674081508
8801715552312
8801819249383
8801711608888
8801811410994
8801713014678
8801716664546
8801747647687
8801713046249
8801749763244
8801713145422
8801713034877
8801741339983
8801619223849
8801778821904
8801716565815
8801610323141
8801711567955
8801711520007
8801717252020
8801678034747
8801713149930
8801711540847
8801711505782
8801710876927
8801684394288
8801711528196
8801676165785
8801712234686
8801711500888
8801677102376
8801713004646
8801729258355
8801711595227
8801926198846
8801552339273
8801917714476
8801713311313
8801714091682
8801711844431
8801714078933
8801681771277
8801727369899
8801831092600
8801711543431
8801711500355
8801713016007
8801711560782
8801714098408
8801713067678
8801713047234
8801713090903
8801911726861
8801731151351
8801713013210
8801815069143
8801819240406
8801732660027
8801713234501
8801713461621
8801713067566
8801713037358
8801730062529
8801678000844
8801713008347
8801711081248
8801711539927
8801716143280
8801715833580
8801819259111
8801711530996
8801722988550
8801711505925
8801712628353
8801711183555
8801552155060
8801711566814
8801737281381
8801711664549
8801911353733
8801710068433
8801922110053
8801730051222
8801911219570
8801713011599
8801713062594
8801729090909
8801711620975
8801711597070
8801711310883
8801730313041
8801713038555
8801978090876
8801911310394
8801819111999
8801913461101
8801914863898
8801711837718
8801711530998
8801715730088
8801922110960
8801711532325
8801925810312
8801738832386
8801711539924
8801715114622
8801978090877
8801713091418
8801729090555
8801713015262
8801713030929
8801912909161
8801713016979
8801674896309
8801713005510
8801730711654
8801619999999
8801912831029
8801713090908
8801730440676
8801730707992
8801671927004
8801713006345
8801711899441
8801714091677
8801923030355
8801716777334
8801714098605
8801717199199
8801711520265
8801711530431
8801711505639
8801716947470
8801711532585
8801973375103
8801711387315
880171527927
8801730092069
8801713036868
8801711789280
8801711595959
8801916111100
8801924507770
8801929988123
8801676840105
8801711566919
8801711125585
8801713034288
8801711869986
8801912100800
8801742388878
8801755592642
8801914220502
8801713364499
8801911258633
8801611772542
8801973375100
8801714111222
8801670156764
8801713066183
8801711500574
8801711351436
8801911386903
8801711384314
8801817140503
8801912003001
8801714079273
8801828660834
8801743971265
8801817042414
8801711505709
8801711080768
8801811481724
8801730310261
8801711228870
8801713010203
8801713061846
8801741288907
8801814793054
8801729292829
8801674923207
8801730357794
8801711561557
8801711609528
8801729072804
8801819550356
8801729229922
8801710895946
8801715428441
8801716304030
8801713332545
8801819409238
8801726168057
8801720044212
8801718636959
8801711662872
8801841975975
8801675557713
8801755568803
8801713090088
8801713068886
8801729077530
8801552202087
8801711547899
8801823971938
8801714078876
8801713097531
8801760227276
8801550155000
8801713422333
8801911078147
8801711563230
8801712555352
8801913760134
8801819555111
8801727444888
8801976672292
8801727184715
8801677117253
8801911788364
8801721062287
8801711639406
8801713015342
8801817144201
8801711080546
8801717786102
8801819210888
8801713190003
8801713039797
8801711500102
8801676767754
8801720574402
8801819212000
8801730310505
8801718145302
8801713060899
8801670102527
8801711523978
8801912257049
8801710583584
8801819223347
8801716458805
8801717097002
8801670677766
8801817544655
8801711935338
8801614304455
8801715077760
8801712005849
8801713367888
8801714323550
8801817222205
8801841870172
8801711335627
8801711563974
8801711500416
8801711506011
8801713486692
8801712511470
8801911385557
8801713332546
8801711646798
8801713065496
8801714083690
8801712864503
8801747549955
8801713045678
8801819240969
8801714161345
8801714094182
8801711563340
8801713065057
8801713171346
8801713049395
8801714102939
8801711809876
8801713011557
8801911351696
8801713061063
8801741395169
8801711535484
8801717054445
8801713116216
8801711522568
8801926633111
8801713090365
8801926689501
8801714092461
8801670012244
8801711500990
8801912649207
8801713038170
8801711692043
8801717873859
8801715008379
8801733156364
8801711501335
8801714999666
8801841416466
8801911676499
8801911354814
8801713313222
8801911320401
8801678131918
8801919542581
8801935847971
8801715038766
8801610002034
8801755500006
8801713333209
8801711376989
8801713015235
8801912171769
8801715010168
8801819888878
8801815007037
8801718618384
8801912211011
8801736535648
8801713464133
8801713047007
8801914296455
8801711809704
8801714301765
8801811449046
8801714115814
8801730329494
8801713121155
8801926662156
8801711699935
8801731775282
8801819248724
8801713164286
8801716285441
8801911328436
8801711504609
8801718934809
8801918401265
8801711525488
8801817519633
8801719154277
8801819210355
8801924241876
8801711564860
8801199850820
8801713017973
8801717638135
8801711591582
8801713311746
8801720551611
8801713278914
8801713116184
8801919520177
8801819210777
8801717062982
8801730444198
8801713451777
8801715732424
8801716664433
8801913529858
8801819544454